# Created by Octave 3.8.2, Fri Feb 05 13:08:24 2016 GMT Standard Time <unknown@abhimanyu-PC>
# name: pk2pk
# type: matrix
# rows: 732
# columns: 1
 0.03869846222420326
 0.04155114776019631
 0.03620681970135942
 0.04159126365054611
 0.04297749052819255
 0.04196122130599511
 0.03852462669935364
 0.04221083129039449
 0.03979496322710052
 0.04306217963004222
 0.03928237129485179
 0.04162246489859589
 0.04085134833964776
 0.04254067305549358
 0.03671941163360826
 0.03859594383775355
 0.03964787162915095
 0.03975484733675061
 0.0379006017383553
 0.03972810340985067
 0.0376732783597058
 0.04015600624024962
 0.03861377312235337
 0.03982616447515053
 0.04066859817249846
 0.04125696456429695
 0.04236683753064419
 0.03986628036550022
 0.03896144417205272
 0.0457365723200357
 0.04090037887229769
 0.03957209716960108
 0.03679518609315802
 0.04522843770893703
 0.04031646980164927
 0.03997771339424994
 0.04155560508134626
 0.04013817695564947
 0.03525295297526188
 0.0400846891018497
 0.0390951638065522
 0.04031646980164916
 0.03236015154891914
 0.03656340539335867
 0.0406418542455983
 0.03844439491865392
 0.04147537330064621
 0.03558279474036108
 0.0364252284377089
 0.04275462447069323
 0.0383953643860041
 0.04225986182304442
 0.04628482282148416
 0.03744595498105652
 0.04078894584354809
 0.04020503677289933
 0.0402094940940495
 0.04111433028749711
 0.04590595052373536
 0.03597949632270991
 0.03628705148205924
 0.03671049699130824
 0.04207265433474472
 0.03825718743035444
 0.04133719634499666
 0.04082906173389789
 0.04009806106529967
 0.04411856474258968
 0.03851571205705362
 0.04133719634499666
 0.04054379318029866
 0.03946512146200143
 0.04130599509694677
 0.03992868286160012
 0.04200579451749498
 0.04167149543124582
 0.04712279919768225
 0.04143971473144636
 0.03767327835970591
 0.03576108758636054
 0.03917539558725203
 0.04151994651214619
 0.0403120124804992
 0.04169823935814565
 0.04167149543124593
 0.04018720748829963
 0.03767773568085586
 0.03788722977490533
 0.03581011811901058
 0.03965678627145086
 0.04397593046578996
 0.03772230889235573
 0.0364564296857588
 0.03964787162915073
 0.036786271450858
 0.03953198127925106
 0.03807889458435476
 0.0416536661466459
 0.03771785157120566
 0.03792734566525524
 0.03782482727880543
 0.03892132828170281
 0.0378604858480055
 0.04038778694004885
 0.04147983062179617
 0.04030755515934914
 0.03861377312235348
 0.04272342322264311
 0.04229106307109431
 0.001426342767996358
 0.03979496322710052
 0.03928237129485179
 0.03899710274125245
 0.04248272788054386
 0.03407176287051494
 0.04421216848673937
 0.03943837753510149
 0.03987073768665017
 0.03667929574325846
 0.04617784711388451
 0.04268776465344326
 0.0405705371071986
 0
 0.03466458658346327
 0.04102072654334743
 0.03517717851571189
 0.0377044796077558
 0.03609092935145986
 0.03927791397370162
 0.03935814575440155
 0.0393224871852017
 0.04100289725874739
 0.03832404724760419
 0.04020503677289933
 0.03734789391575644
 0.04137731223534657
 0.03466904390461334
 0.04067305549364819
 0.0403120124804992
 0.04031201248049943
 0.03976821930020069
 0.03979942054825036
 0.0424470693113439
 0.03806997994205485
 0.03587697793626032
 0.03543124582126134
 0.03704925339870735
 0.04045464675729893
 0.03951415199465114
 0.04026743926899934
 0.04092712279919763
 0.03657232003565858
 0.03794963227100512
 0.04064185424559841
 0.03833741921105405
 0.0432805883663917
 0.04735457989748171
 0.04229552039224416
 0.03994651214620015
 0.03789614441720535
 0.04679295743258305
 0.04192556273679515
 0.04349453978159135
 0.04207265433474494
 0.04099843993759755
 0.03445509248941392
 0.0396211277022509
 0.03808780922665478
 0.03931802986405164
 0.03883663917985303
 0.04411856474258968
 0.03808780922665478
 0.03696010697570773
 0.04099843993759755
 0.04229552039224438
 0.04243815466904399
 0.03371071985736562
 0.03928237129485179
 0.03989748161355045
 0.04074882995319806
 0.04073545798974831
 0.04082906173389789
 0.04039670158234898
 0.04137285491419651
 0.03559616670381105
 0.03679518609315791
 0.03687096055270778
 0.04137285491419651
 0.03896144417205261
 0.04130599509694688
 0.03840873634945396
 0.03699576554490758
 0.04140851348339647
 0.03958101181190121
 0.03957655449075104
 0.04134165366614662
 0.04103855582794746
 0.04001782928459996
 0.04182304435034545
 0.04191664809449525
 0.03950078003120105
 0.04342767996434138
 0.03990193893470029
 0.04192556273679504
 0.04101181190104763
 0.03591709382661024
 0.03958101181190099
 0.04414976599063969
 0.04357922888344123
 0.04174726989079558
 0.04017829284599961
 0.03950523735235134
 0.0403030978381993
 0.03861823044350343
 0.04110987296634727
 0.04272788054379317
 0.03687096055270789
 0.03804323601515491
 0.02858480053487844
 0.007479384889681251
 0.07673278359705815
 0.02012034767104964
 0.03814575440160461
 0.0370537107198573
 0.03788722977490533
 0.06344105192779137
 0.04030755515934914
 0.03470915979496336
 0.05314464007131714
 0.04166703811009587
 0.0414575440160464
 0.03862268776465339
 0.04361488745264097
 0.04236683753064407
 0.03396924448406502
 0.0446311566748383
 0.04090929351459771
 0.03623802094940942
 0.04874080677512815
 0.03971918876755065
 0.04566525518163589
 0.03679518609315813
 0.04628928014263423
 0.03529752618676174
 0.03679518609315802
 0.03422776911076453
 0.03181190104747034
 0.02815244038332965
 0.05429908624916424
 0.05417428125696466
 0.04624470693113458
 0.05145977267662138
 0.04811232449297975
 0.03580120347671045
 0.03284154223311797
 0.05408959215511477
 0.05507911745041238
 0.0587162915088032
 0.05831067528415423
 0.04911076443057721
 0.03352796969021626
 0.03234677958546917
 0.0598484510809002
 0.05187876086472037
 0.05880989525295294
 0.03202585246267003
 0.05002897258747491
 0.05001560062402513
 0.04046801872074893
 0.04427011366168934
 0.03692444840650752
 0.02327613104524198
 0.02207265433474484
 0.01349676844216627
 0.03907733452195231
 0.04305772230889243
 0.02873634945397825
 0.0003030978381991511
 0.02654334744818369
 0.02293737463784268
 0.01509694673501214
 0.01807889458435492
 0.006748384221083099
 0.0120659683530199
 0.0105103632716737
 0.0145888121239135
 0.0005749944283485464
 0.01300200579451746
 0.01957655449075096
 0.01770447960775562
 0.01810118119010487
 0.04537552930688668
 0.04687318921328279
 0.03379095163806548
 0.04064185424559844
 0.03874303543570318
 0.03099175395587261
 0.03686204591040787
 0.07174949855137064
 0.04595943837753519
 0.03462447069311336
 0.05335413416536672
 0.0598395364386004
 0.05789614441720525
 0.03437040338756392
 0.03803877869400485
 0.0333318475596166
 0.03423222643191437
 0.03976821930020058
 0.05001114330287504
 0.0402406953420994
 0.03591263650546028
 0.03210162692221963
 0.0309605527078225
 0.04163583686204597
 0.0270024515266325
 0.02505905950523735
 0.03297971918876763
 0.01708045464675734
 0.04005348785379992
 0.03528415422331177
 0.04951638065522623
 0.03921105415645187
 0.038003120124805
 0.0474570982839313
 0.03953643860040112
 0.04411856474258979
 0.04442166258078895
 0.03247158457766885
 0.04900378872297739
 0.03459772676621342
 0.0441274793848897
 0.03983953643860039
 0.03305549364831739
 0.03888566971250274
 0.05323824381546693
 0.03192333407622017
 0.03583686204591052
 0.04191664809449536
 0.03866280365500341
 0.04279919768219298
 0.04028081123244942
 0.03033652774682427
 0.02583909070648538
 0.0196835301983509
 0.03213728549141959
 0.02947180744372635
 0.0510051259193226
 0.04151548919099624
 0.04053042121684869
 0.03708936928905726
 0.03958101181190099
 0.03811901047470467
 0.04035658569199907
 0.03176732783597058
 0.04932471584577658
 0.03353242701136616
 0.03719188767550685
 0.04055716514374863
 0.0458078894584355
 0.03261421885446836
 0.04314241141074204
 0.04313349676844203
 0.04149320258524625
 0.04363717405839085
 0.03979942054825047
 0.03400936037441493
 0.04186316024069536
 0.04247381323824373
 0.04002674392689998
 0.05102295520392242
 0.06288388678404278
 0.05031869846222414
 0.05299754847336746
 0.05233786494316917
 0.04303097838199244
