# Created by Octave 3.8.2, Fri Feb 05 13:09:20 2016 GMT Standard Time <unknown@abhimanyu-PC>
# name: pk2pk
# type: matrix
# rows: 832
# columns: 1
 0.05979511851191333
 0.05627501399747015
 0.05421686746987975
 0.05004354768471464
 0.05085747464902646
 0.05945814238019198
 0.06073865168073334
 0.0586649524086017
 0.05256827654853491
 0.04790763743441917
 0.05630611948655206
 0.05996619870186426
 0.05920411421935601
 0.05549219252224025
 0.06256869128838927
 0.04905335628227203
 0.05695933475727355
 0.05550774526678137
 0.04479190427804169
 0.05331480828650237
 0.04833793003338649
 0.05764365551707684
 0.06231466312755318
 0.05597432760301102
 0.05045828753914106
 0.05660162163283089
 0.05839537150322449
 0.05451755386433865
 0.05234535387678096
 0.05958256433651998
 0.05699044024635547
 0.04653381166663195
 0.04988283599112453
 0.05780955145884736
 0.05745702258258512
 0.05634759347199469
 0.05815171183874912
 0.04940588515853439
 0.05912635049665083
 0.05346515148373177
 0.05864939966406058
 0.06277087696742212
 0.05655496339920774
 0.0541857619807975
 0.06070236194347101
 0.06036538581174966
 0.05046347178732136
 0.05421686746987953
 0.05220537917591195
 0.05439313190801065
 0.05213798394956759
 0.05689712377910949
 0.05455384360160076
 0.05004873193289505
 0.05255790805217408
 0.05094042261991183
 0.05562179872674866
 0.05259938203761683
 0.0562231715156668
 0.05251643406673179
 0.0526823300085022
 0.0459168861331728
 0.05304004313294475
 0.05485452999606
 0.06159923687866775
 0.05510337390871567
 0.05009020591833779
 0.05791842067063435
 0.05416502498807618
 0.0503857080646164
 0.05042199780187873
 0.05341330900192864
 0.05039089231279681
 0.05527445409866671
 0.04710407896646829
 0.04842087800427186
 0.0597536445264707
 0.05039089231279681
 0.04999688945109193
 0.05537295481409277
 0.05265122451942006
 0.05183729755510857
 0.05882566410219181
 0.05298301640296121
 0.06112228604607761
 0.04817203409161608
 0.05612985504842072
 0.06065570370984807
 0.05805839537150337
 0.05437757916346975
 0.05746220683076542
 0.05431536818530569
 0.05311780685564982
 0.05766439250979816
 0.06197250274765143
 0.05136034672251821
 0.05447089563071561
 0.05132405698525599
 0.05822429131327378
 0.05801173713788033
 0.046419758206665
 0.05686083404184727
 0.04951475437032116
 0.06111710179789742
 0.05868568940132313
 0.05165584886879704
 0.05813097484602769
 0.05447607987889591
 0.06192066026584808
 0.04919333098314094
 0.05073305269269857
 0.0499554154656493
 0.05236609086950206
 0.05612467080024053
 0.05677788607096201
 0.05117889803620701
 0.05550256101860107
 0.05915745598573297
 0.05320075482653497
 0.05081081641540341
 0.05463679157248613
 0.05456421209796147
 0.05275490948302686
 0.05566845696037159
 0.0554040603031748
 0.05755033904983109
 0.0517491653360429
 0.05208614146776436
 0.06090454762250375
 0.05336146652012541
 0.05435684217074843
 0.05246977583310886
 0.05095079111627232
 0.05817763307965085
 0.05209132571594466
 0.05098708085353476
 0.05448126412707632
 0.0526875142566825
 0.04961843933392773
 0.04970657155299341
 0.05261493478215784
 0.05412873525081385
 0.05762810277253583
 0.05054641975820662
 0.04990875723202626
 0.05567882545673208
 0.05303485888476456
 0.05966032805922483
 0.06049499201625763
 0.056352777720175
 0.05568400970491272
 0.06623913900006217
 0.04952512286668187
 0.05771105074342131
 0.05601061734027324
 0.05328888704560064
 0.05911598200029033
 0.0496962030566328
 0.05831242353233923
 0.05469381830246978
 0.06376106836986495
 0.05847831947410986
 0.05105966032805931
 0.04523774962154981
 0.05510855815689608
 0.05847313522592945
 0.05162992762789564
 0.05362067892914157
 0.05438794765983024
 0.04970657155299341
 0.05021462787466568
 0.05673122783733908
 0.04581838541774674
 0.05490118822968293
 0.0567727018227816
 0.052303879891338
 0.05429463119258449
 0.054050971528109
 0.05900192854032293
 0.05728594239263418
 0.05626464550110932
 0.04975841403479664
 0.06341890798996308
 0.05113223980258375
 0.04808390187255041
 0.05626982974928973
 0.04838458826700964
 0.05630611948655218
 0.05633204072745379
 0.05371399539638766
 0.05399394479812547
 0.06031872757812673
 0.05622835576384722
 0.05634759347199458
 0.05397320780540416
 0.04940588515853417
 0.05792360491881465
 0.05582916865396181
 0.05449163262343681
 0.0555440350040437
 0.0460361238413205
 0.03807311863633545
 0.1626402339132779
 0.01875660991643002
 0.01354644049519937
 0.009196856271903475
 0.008699168446591909
 0.01462994836488796
 0.02505547145552967
 0.03754432532194185
 0.03400866806295755
 0.04057192625925377
 0.05190987702963301
 0.05055160400638703
 0.05182692905874797
 0.04971175580117371
 0.04394687182464807
 0.05699044024635547
 0.06661240486904596
 0.04560583124235307
 0.06154739439686463
 0.06269311324471738
 0.05813615909420822
 0.05041681355369843
 0.05382286460817454
 0.04365136967836925
 0.05660162163283089
 0.0503649710718953
 0.04287891669950039
 0.06066088795802815
 0.03989278974763066
 0.05131887273707569
 0.05478195052153523
 0.05288969993571535
 0.05395765506086303
 0.05122555626982972
 0.04834311428156668
 0.05851979345955249
 0.06916823922194792
 0.07280239719635861
 0.07075461916512882
 0.07215955042199784
 0.06167700060137271
 0.0779503556394251
 0.0809468510876552
 0.06279161396014332
 0.07259502726914557
 0.06212284594488104
 0.07114343777865328
 0.07927752317358927
 0.07914791696908119
 0.07424361819049002
 0.07224249839288305
 0.04697447276196021
 0.04743587085000939
 0.05442423739709262
 0.05903821827758537
 0.05102337059079695
 0.06397880679343862
 0.06880015760114472
 0.06739522634427536
 0.06828173278311182
 0.06201916098127458
 0.05230387989133814
 0.05673122783733901
 0.041909462289779
 0.05656014764738816
 0.02352093399415206
 0.05383323310453542
 0.03469817307094142
 0.04152064367625412
 0.04218941169151662
 0.03511809717354797
 0.04185761980797545
 0.04760176679177994
 0.04863861642784562
 0.0500902059183376
 0.05167658586151824
 0.0607904941625366
 0.07101383157414493
 0.0527600937312071
 0.06543558053211124
 0.05153661116064945
 0.04824979781432082
 0.04813574435435375
 0.04518590713974657
 0.04705742073284536
 0.05307633287020713
 0.04978951952387867
 0.05288451568753494
 0.04216349045061485
 0.05392136532360081
 0.04159840739895893
 0.04736329137548467
 0.03891296684154866
 0.05054641975820673
 0.04159840739895904
 0.04151027517989336
 0.05118408228438709
 0.05081081641540341
 0.04475043029259895
 0.048203139580698
 0.06061422972440533
 0.06265682350745505
 0.05281193621301028
 0.04957696534848521
 0.04092963938369654
 0.06359517242809443
 0.04880969661779666
 0.05486489849242049
 0.0526771457603219
 0.0471092632146487
 0.0571563361881261
 0.050644920473633
 0.05392654957178111
 0.05413391949899438
 0.04659602264479601
 0.05216390519046921
 0.06142297244053663
 0.04893411857412444
 0.05667938535553563
 0.05161955913153471
 0.05234016962860033
 0.04842087800427186
 0.06070236194347101
 0.0469744727619601
 0.04973249279389502
 0.05570993094581411
 0.05220537917591195
 0.05246977583310863
 0.04941106940671469
 0.052303879891338
 0.06820396906040682
 0.04548659353420559
 0.04910001451589485
 0.05011612715923941
 0.05190987702963334
 0.06410322874976671
 0.03046782655579283
 0.06210729320034003
 0.08506832839101675
 0.04130290525268032
 0.07356448167886687
 0.04198722601248372
 0.03976318354312269
 0.05089376438628868
 0.06734856811065237
 0.04637309997304195
 0.04970657155299341
 0.05826058105053622
 0.04918296248678022
 0.05532629658046972
 0.05383323310453525
 0.05661199012919138
 0.05644609418742086
 0.05096634386081322
 0.05797026315243747
 0.05680899156004404
 0.04262488853866397
 0.05937001016112653
 0.05608838106297831
 0.04901706654500959
 0.04378616013105785
 0.04066524272649985
 0.0606971776952907
 0.04987246749476393
 0.04957178110030491
 0.04680857682018946
 0.05605209132571587
 0.04837421977064893
 0.06292640441283204
 0.04561101549053359
 0.06094602160794649
 0.06262053377019283
 0.04953030711486217
 0.05285859444663332
